   1   0 -4.99997021E-01
   2   0 -1.24999644E-01
   3   0 -5.55554550E-02
   4   0 -3.12499595E-02
   5   0 -1.99999801E-02
   6   0 -1.38888778E-02
   7   0 -1.02040749E-02
   8   0 -7.81249562E-03
   9   0 -6.17283652E-03
  10   0 -4.99999787E-03
  11   0 -4.13222984E-03
  12   0 -3.47222104E-03
  13   0 -2.95857897E-03
  14   0 -2.55101969E-03
  15   0 -2.22222165E-03
  16   0 -1.95312453E-03
  17   0 -1.73010342E-03
  18   0 -1.54320956E-03
  19   0 -1.38504128E-03
  20   0 -1.24999977E-03
  21   0 -1.13378665E-03
  22   0 -1.03305768E-03
  23   0 -9.45179436E-04
  24   0 -8.68055426E-04
  25   0 -7.99999887E-04
  26   0 -7.39644870E-04
  27   0 -6.85870967E-04
  28   0 -6.37755023E-04
  29   0 -5.94530250E-04
  30   0 -5.55555491E-04
   2   1 -1.25000006E-01
   3   1 -5.55555598E-02
   4   1 -3.12500031E-02
   5   1 -2.00000022E-02
   6   1 -1.38888905E-02
   7   1 -1.02040829E-02
   8   1 -7.81250096E-03
   9   1 -6.17284026E-03
  10   1 -5.00000060E-03
  11   1 -4.13223188E-03
  12   1 -3.47222261E-03
  13   1 -2.95858021E-03
  14   1 -2.55102068E-03
  15   1 -2.22222245E-03
  16   1 -1.95312520E-03
  17   1 -1.73010397E-03
  18   1 -1.54321002E-03
  19   1 -1.38504168E-03
  20   1 -1.25000011E-03
  21   1 -1.13378694E-03
  22   1 -1.03305794E-03
  23   1 -9.45179659E-04
  24   1 -8.68055622E-04
  25   1 -8.00000060E-04
  26   1 -7.39645024E-04
  27   1 -6.85871105E-04
  28   1 -6.37755146E-04
  29   1 -5.94530361E-04
  30   1 -5.55555592E-04
   3   2 -5.55555562E-02
   4   2 -3.12500008E-02
   5   2 -2.00000008E-02
   6   2 -1.38888896E-02
   7   2 -1.02040822E-02
   8   2 -7.81250050E-03
   9   2 -6.17283993E-03
  10   2 -5.00000034E-03
  11   2 -4.13223169E-03
  12   2 -3.47222246E-03
  13   2 -2.95858009E-03
  14   2 -2.55102058E-03
  15   2 -2.22222237E-03
  16   2 -1.95312513E-03
  17   2 -1.73010392E-03
  18   2 -1.54320997E-03
  19   2 -1.38504164E-03
  20   2 -1.25000007E-03
  21   2 -1.13378691E-03
  22   2 -1.03305791E-03
  23   2 -9.45179636E-04
  24   2 -8.68055602E-04
  25   2 -8.00000042E-04
  26   2 -7.39645008E-04
  27   2 -6.85871090E-04
  28   2 -6.37755133E-04
  29   2 -5.94530349E-04
  30   2 -5.55555581E-04
   4   3 -3.12500001E-02
   5   3 -2.00000002E-02
   6   3 -1.38888891E-02
   7   3 -1.02040819E-02
   8   3 -7.81250025E-03
   9   3 -6.17283974E-03
  10   3 -5.00000020E-03
  11   3 -4.13223158E-03
  12   3 -3.47222237E-03
  13   3 -2.95858001E-03
  14   3 -2.55102052E-03
  15   3 -2.22222232E-03
  16   3 -1.95312509E-03
  17   3 -1.73010388E-03
  18   3 -1.54320994E-03
  19   3 -1.38504161E-03
  20   3 -1.25000005E-03
  21   3 -1.13378689E-03
  22   3 -1.03305789E-03
  23   3 -9.45179621E-04
  24   3 -8.68055589E-04
  25   3 -8.00000030E-04
  26   3 -7.39644998E-04
  27   3 -6.85871081E-04
  28   3 -6.37755125E-04
  29   3 -5.94530341E-04
  30   3 -5.55555574E-04
   5   4 -2.00000000E-02
   6   4 -1.38888889E-02
   7   4 -1.02040817E-02
   8   4 -7.81250010E-03
   9   4 -6.17283963E-03
  10   4 -5.00000010E-03
  11   4 -4.13223150E-03
  12   4 -3.47222231E-03
  13   4 -2.95857996E-03
  14   4 -2.55102048E-03
  15   4 -2.22222229E-03
  16   4 -1.95312506E-03
  17   4 -1.73010386E-03
  18   4 -1.54320992E-03
  19   4 -1.38504159E-03
  20   4 -1.25000004E-03
  21   4 -1.13378688E-03
  22   4 -1.03305788E-03
  23   4 -9.45179610E-04
  24   4 -8.68055579E-04
  25   4 -8.00000022E-04
  26   4 -7.39644990E-04
  27   4 -6.85871074E-04
  28   4 -6.37755118E-04
  29   4 -5.94530336E-04
  30   4 -5.55555569E-04
   6   5 -1.38888889E-02
   7   5 -1.02040816E-02
   8   5 -7.81250005E-03
   9   5 -6.17283957E-03
  10   5 -5.00000005E-03
  11   5 -4.13223146E-03
  12   5 -3.47222227E-03
  13   5 -2.95857993E-03
  14   5 -2.55102045E-03
  15   5 -2.22222226E-03
  16   5 -1.95312504E-03
  17   5 -1.73010384E-03
  18   5 -1.54320991E-03
  19   5 -1.38504158E-03
  20   5 -1.25000003E-03
  21   5 -1.13378687E-03
  22   5 -1.03305787E-03
  23   5 -9.45179603E-04
  24   5 -8.68055572E-04
  25   5 -8.00000016E-04
  26   5 -7.39644985E-04
  27   5 -6.85871069E-04
  28   5 -6.37755114E-04
  29   5 -5.94530332E-04
  30   5 -5.55555566E-04
   7   6 -1.02040816E-02
   8   6 -7.81250001E-03
   9   6 -6.17283953E-03
  10   6 -5.00000002E-03
  11   6 -4.13223143E-03
  12   6 -3.47222225E-03
  13   6 -2.95857991E-03
  14   6 -2.55102043E-03
  15   6 -2.22222225E-03
  16   6 -1.95312503E-03
  17   6 -1.73010383E-03
  18   6 -1.54320990E-03
  19   6 -1.38504157E-03
  20   6 -1.25000002E-03
  21   6 -1.13378686E-03
  22   6 -1.03305787E-03
  23   6 -9.45179598E-04
  24   6 -8.68055568E-04
  25   6 -8.00000012E-04
  26   6 -7.39644981E-04
  27   6 -6.85871066E-04
  28   6 -6.37755111E-04
  29   6 -5.94530330E-04
  30   6 -5.55555563E-04
   8   7 -7.81249998E-03
   9   7 -6.17283952E-03
  10   7 -5.00000002E-03
  11   7 -4.13223142E-03
  12   7 -3.47222223E-03
  13   7 -2.95857990E-03
  14   7 -2.55102042E-03
  15   7 -2.22222224E-03
  16   7 -1.95312502E-03
  17   7 -1.73010382E-03
  18   7 -1.54320989E-03
  19   7 -1.38504156E-03
  20   7 -1.25000001E-03
  21   7 -1.13378686E-03
  22   7 -1.03305786E-03
  23   7 -9.45179593E-04
  24   7 -8.68055564E-04
  25   7 -8.00000008E-04
  26   7 -7.39644978E-04
  27   7 -6.85871063E-04
  28   7 -6.37755109E-04
  29   7 -5.94530327E-04
  30   7 -5.55555561E-04
   9   8 -6.17283950E-03
  10   8 -5.00000001E-03
  11   8 -4.13223140E-03
  12   8 -3.47222223E-03
  13   8 -2.95857989E-03
  14   8 -2.55102042E-03
  15   8 -2.22222223E-03
  16   8 -1.95312501E-03
  17   8 -1.73010382E-03
  18   8 -1.54320989E-03
  19   8 -1.38504156E-03
  20   8 -1.25000001E-03
  21   8 -1.13378686E-03
  22   8 -1.03305786E-03
  23   8 -9.45179591E-04
  24   8 -8.68055562E-04
  25   8 -8.00000006E-04
  26   8 -7.39644976E-04
  27   8 -6.85871062E-04
  28   8 -6.37755107E-04
  29   8 -5.94530326E-04
  30   8 -5.55555560E-04
  10   9 -5.00000001E-03
  11   9 -4.13223141E-03
  12   9 -3.47222223E-03
  13   9 -2.95857988E-03
  14   9 -2.55102041E-03
  15   9 -2.22222222E-03
  16   9 -1.95312500E-03
  17   9 -1.73010381E-03
  18   9 -1.54320988E-03
  19   9 -1.38504156E-03
  20   9 -1.25000001E-03
  21   9 -1.13378685E-03
  22   9 -1.03305786E-03
  23   9 -9.45179589E-04
  24   9 -8.68055560E-04
  25   9 -8.00000004E-04
  26   9 -7.39644974E-04
  27   9 -6.85871060E-04
  28   9 -6.37755106E-04
  29   9 -5.94530324E-04
  30   9 -5.55555559E-04
  11  10 -4.13223142E-03
  12  10 -3.47222222E-03
  13  10 -2.95857988E-03
  14  10 -2.55102041E-03
  15  10 -2.22222223E-03
  16  10 -1.95312500E-03
  17  10 -1.73010381E-03
  18  10 -1.54320988E-03
  19  10 -1.38504155E-03
  20  10 -1.25000000E-03
  21  10 -1.13378685E-03
  22  10 -1.03305785E-03
  23  10 -9.45179587E-04
  24  10 -8.68055558E-04
  25  10 -8.00000003E-04
  26  10 -7.39644973E-04
  27  10 -6.85871059E-04
  28  10 -6.37755104E-04
  29  10 -5.94530323E-04
  30  10 -5.55555558E-04
  12  11 -3.47222223E-03
  13  11 -2.95857989E-03
  14  11 -2.55102041E-03
  15  11 -2.22222222E-03
  16  11 -1.95312500E-03
  17  11 -1.73010381E-03
  18  11 -1.54320988E-03
  19  11 -1.38504155E-03
  20  11 -1.25000000E-03
  21  11 -1.13378685E-03
  22  11 -1.03305785E-03
  23  11 -9.45179587E-04
  24  11 -8.68055558E-04
  25  11 -8.00000003E-04
  26  11 -7.39644973E-04
  27  11 -6.85871059E-04
  28  11 -6.37755104E-04
  29  11 -5.94530323E-04
  30  11 -5.55555558E-04
  13  12 -2.95857988E-03
  14  12 -2.55102041E-03
  15  12 -2.22222223E-03
  16  12 -1.95312500E-03
  17  12 -1.73010381E-03
  18  12 -1.54320988E-03
  19  12 -1.38504155E-03
  20  12 -1.25000000E-03
  21  12 -1.13378685E-03
  22  12 -1.03305785E-03
  23  12 -9.45179586E-04
  24  12 -8.68055557E-04
  25  12 -8.00000001E-04
  26  12 -7.39644972E-04
  27  12 -6.85871058E-04
  28  12 -6.37755103E-04
  29  12 -5.94530323E-04
  30  12 -5.55555557E-04
  14  13 -2.55102041E-03
  15  13 -2.22222222E-03
  16  13 -1.95312500E-03
  17  13 -1.73010381E-03
  18  13 -1.54320988E-03
  19  13 -1.38504155E-03
  20  13 -1.25000000E-03
  21  13 -1.13378685E-03
  22  13 -1.03305785E-03
  23  13 -9.45179586E-04
  24  13 -8.68055557E-04
  25  13 -8.00000001E-04
  26  13 -7.39644972E-04
  27  13 -6.85871058E-04
  28  13 -6.37755103E-04
  29  13 -5.94530322E-04
  30  13 -5.55555557E-04
  15  14 -2.22222222E-03
  16  14 -1.95312500E-03
  17  14 -1.73010381E-03
  18  14 -1.54320988E-03
  19  14 -1.38504155E-03
  20  14 -1.25000000E-03
  21  14 -1.13378685E-03
  22  14 -1.03305785E-03
  23  14 -9.45179585E-04
  24  14 -8.68055556E-04
  25  14 -8.00000001E-04
  26  14 -7.39644972E-04
  27  14 -6.85871057E-04
  28  14 -6.37755103E-04
  29  14 -5.94530322E-04
  30  14 -5.55555557E-04
  16  15 -1.95312500E-03
  17  15 -1.73010381E-03
  18  15 -1.54320988E-03
  19  15 -1.38504155E-03
  20  15 -1.25000000E-03
  21  15 -1.13378685E-03
  22  15 -1.03305785E-03
  23  15 -9.45179584E-04
  24  15 -8.68055556E-04
  25  15 -8.00000000E-04
  26  15 -7.39644971E-04
  27  15 -6.85871057E-04
  28  15 -6.37755103E-04
  29  15 -5.94530322E-04
  30  15 -5.55555556E-04
  17  16 -1.73010380E-03
  18  16 -1.54320988E-03
  19  16 -1.38504155E-03
  20  16 -1.25000000E-03
  21  16 -1.13378685E-03
  22  16 -1.03305785E-03
  23  16 -9.45179584E-04
  24  16 -8.68055555E-04
  25  16 -8.00000000E-04
  26  16 -7.39644971E-04
  27  16 -6.85871056E-04
  28  16 -6.37755102E-04
  29  16 -5.94530321E-04
  30  16 -5.55555556E-04
  18  17 -1.54320988E-03
  19  17 -1.38504155E-03
  20  17 -1.25000000E-03
  21  17 -1.13378685E-03
  22  17 -1.03305785E-03
  23  17 -9.45179584E-04
  24  17 -8.68055555E-04
  25  17 -8.00000000E-04
  26  17 -7.39644970E-04
  27  17 -6.85871056E-04
  28  17 -6.37755102E-04
  29  17 -5.94530321E-04
  30  17 -5.55555556E-04
  19  18 -1.38504155E-03
  20  18 -1.25000000E-03
  21  18 -1.13378685E-03
  22  18 -1.03305785E-03
  23  18 -9.45179584E-04
  24  18 -8.68055555E-04
  25  18 -8.00000000E-04
  26  18 -7.39644970E-04
  27  18 -6.85871056E-04
  28  18 -6.37755102E-04
  29  18 -5.94530321E-04
  30  18 -5.55555556E-04
  20  19 -1.25000000E-03
  21  19 -1.13378685E-03
  22  19 -1.03305785E-03
  23  19 -9.45179584E-04
  24  19 -8.68055555E-04
  25  19 -8.00000000E-04
  26  19 -7.39644970E-04
  27  19 -6.85871056E-04
  28  19 -6.37755102E-04
  29  19 -5.94530321E-04
  30  19 -5.55555556E-04
  21  20 -1.13378685E-03
  22  20 -1.03305785E-03
  23  20 -9.45179584E-04
  24  20 -8.68055555E-04
  25  20 -8.00000000E-04
  26  20 -7.39644970E-04
  27  20 -6.85871056E-04
  28  20 -6.37755102E-04
  29  20 -5.94530321E-04
  30  20 -5.55555555E-04
  22  21 -1.03305785E-03
  23  21 -9.45179584E-04
  24  21 -8.68055555E-04
  25  21 -8.00000000E-04
  26  21 -7.39644970E-04
  27  21 -6.85871056E-04
  28  21 -6.37755102E-04
  29  21 -5.94530321E-04
  30  21 -5.55555556E-04
  23  22 -9.45179584E-04
  24  22 -8.68055556E-04
  25  22 -8.00000000E-04
  26  22 -7.39644970E-04
  27  22 -6.85871056E-04
  28  22 -6.37755102E-04
  29  22 -5.94530321E-04
  30  22 -5.55555556E-04
  24  23 -8.68055555E-04
  25  23 -8.00000000E-04
  26  23 -7.39644970E-04
  27  23 -6.85871056E-04
  28  23 -6.37755102E-04
  29  23 -5.94530321E-04
  30  23 -5.55555556E-04
  25  24 -8.00000000E-04
  26  24 -7.39644970E-04
  27  24 -6.85871056E-04
  28  24 -6.37755102E-04
  29  24 -5.94530321E-04
  30  24 -5.55555555E-04
  26  25 -7.39644970E-04
  27  25 -6.85871056E-04
  28  25 -6.37755102E-04
  29  25 -5.94530321E-04
  30  25 -5.55555555E-04
  27  26 -6.85871056E-04
  28  26 -6.37755102E-04
  29  26 -5.94530321E-04
  30  26 -5.55555556E-04
  28  27 -6.37755102E-04
  29  27 -5.94530321E-04
  30  27 -5.55555556E-04
  29  28 -5.94530321E-04
  30  28 -5.55555555E-04
  30  29 -5.55555555E-04
