10      0.999597641174
11      0.999309296038
12      0.998871058773
13      0.998284988787
14      0.997479648307
15      0.99642504868
16      0.995030567435
17      0.993345892326
18      0.99121916192
19      0.988576334032
20      0.985471205723
21      0.981689109279
22      0.977269927515
23      0.972143557678
24      0.966091126658
25      0.959284076676
26      0.951511413928
27      0.942525830465
28      0.932496383272
29      0.921348250508
30      0.909004322373
31      0.895388526542
32      0.880127053534
33      0.863472517901
34      0.845383379768
35      0.82596983925
36      0.804950108396
37      0.781930366886
38      0.758085317317
39      0.732326162193
40      0.705362231212
41      0.676348231917
42      0.646242564747
43      0.614686242769
44      0.58168924766
45      0.547798596529
46      0.514211259291
47      0.478709036186
48      0.4429523029
49      0.405778023157
50      0.369555530002
51      0.334028143208
52      0.297916409057
53      0.262873374842
54      0.228748770055
55      0.195583149436
56      0.163828609555
57      0.13432114783
58      0.106140684959
59      0.081631542722
60      0.0590461312807
61      0.0377562268175
62      0.0202282922371
63      0.00571994612774
64      -0.00589794644152
65      -0.0134260984092
66      -0.0195037430406
67      -0.0227082128237
68      -0.0223731187633
69      -0.0196633467972
70      -0.0158061134946
71      -0.00893279259411
72      -0.00101498030053
73      0.00816877467773
74      0.0176054736982
75      0.0289940767497
76      0.0383116614427
77      0.0485985682523
78      0.0568682566411
79      0.0648938732471
80      0.0717169828515
81      0.0753931437522
82      0.0781508625411
83      0.0784332122642
84      0.0764322404378