20 4.2422035051118375e-61
21 3.5464433255236326e-61
22 2.9958155627093085e-61
23 2.55416528947702e-61
24 2.195679357671104e-61
25 1.9015793686133395e-61
26 1.6579743237150624e-61
27 1.4544333857732721e-61
28 1.2830172791108843e-61
29 1.1376085016416422e-61
30 1.0134402406300534e-61
31 9.067598913492735e-62
32 8.145853070799432e-62
33 7.345259265333788e-62
34 6.64649938751409e-62
35 6.033845447410772e-62
36 5.494403024002038e-62
37 5.017531926016933e-62
38 4.594398616051407e-62
39 4.2176275629035795e-62
40 3.8810275451632746e-62
41 3.5793752294443892e-62
42 3.3082428612359972e-62
43 3.063860193051667e-62
44 2.843003171459132e-62
45 2.6429036799473227e-62
46 2.461175954168807e-62
47 2.295756280286813e-62
48 2.1448533349688943e-62
49 2.006907096620278e-62
50 1.8805546996192817e-62
51 1.7646019345145004e-62
52 1.6579993671377863e-62
53 1.559822247920018e-62
54 1.469253549943005e-62
55 1.3855695941080728e-62
56 1.3081278289046763e-62
57 1.2363564061721017e-62
58 1.1697452605417332e-62
59 1.107838453908709e-62
60 1.0502275856971346e-62
61 9.965461053947666e-63
62 9.464643894303114e-63
63 8.996854701367535e-63
64 8.559413203018764e-63
65 8.149896130541322e-63
66 7.766108904093199e-63
67 7.40606083083149e-63
68 7.067943326712394e-63
69 6.750110764896345e-63
70 6.451063588652424e-63
71 6.169433397482628e-63
72 5.903969749836772e-63
73 5.653528462279987e-63
74 5.417061217328005e-63
75 5.193606315474965e-63
76 4.982280438415223e-63
77 4.782271290043302e-63
78 4.592831019697997e-63
79 4.413270334313138e-63
80 4.242953213365692e-63
81 4.0812921662298046e-63
82 3.9277439639658306e-63
83 3.7818057963244837e-63
84 3.64301180369064e-63
85 3.510929946966343e-63
86 3.385159177188601e-63
87 3.2653267044290254e-63
88 3.151086342003209e-63
89 3.0421153894129287e-63
90 2.9381133935156506e-63
91 2.838800232430721e-63
92 2.743914529730334e-63
93 2.653212205245858e-63
94 2.5664651550023956e-63
95 2.4834600427821894e-63
96 2.4039971979348704e-63
97 2.327889603366185e-63
98 2.254961969576773e-63
99 2.1850498861003907e-63
